2 6
1 2 4
2 2 4
=10

5 1000000000
583563238 820642330 44577
136809000 653199778 90962
54601291 785892285 50554
5797762 453599267 65697
468677897 916692569 87409
=163089627821228

5 100000
583563238 820642330 44577
136809000 653199778 90962
54601291 785892285 50554
5797762 453599267 65697
468677897 916692569 87409
=88206004785464

2 3
1 5 2
3 7 4
=19
1 10
2 5 15
=40







5 1000000000
583563238 820642330 44577
136809000 653199778 90962
54601291 785892285 50554
5797762 453599267 65697
468677897 916692569 87409
=163089627821228






